surfaceInfo="acr_a3\acr_a3_t810\data\Penetration\wood_desk.bisurf";
ambient[]={0.788000,0.550000,0.000000,1.000000};
diffuse[]={0.788000,0.550000,0.000000,1.000000};
forcedDiffuse[]={0.000000,0.000000,0.000000,0.000000};
emmisive[]={0.000000,0.000000,0.000000,1.000000};
specular[]={0.000000,0.000000,0.000000,1.000000};
specularPower=1.000000;
PixelShaderID="Normal";
VertexShaderID="Basic";
